4
i 333-33-3333
w 300000 2019 03 13 -40.32 0
D 300000 2019 03 14 32.43 0
d 300000 2019 03 15 0 0
b 300000 2019 03 17
d 300000 2019 03 16 -18.32 0
s 300000 2019 03 16
w 300000 2019 03 17 1.50 0 
r 300000 2019 03 17
w 300000 2019 03 17 10.99 0
s 300000 2019 03 18
h 333-33-3333
I 222-22-2222
d 200000 2015 02 14 200 6
d 200000 2015 08 23 200.50 24
d 200000 2018 09 01 50.32 18
s 200000 2019 04 16
d 200000 2019 07 19 431.32 11
h 222-22-2222
I 555-55-5555
w 500000 2019 03 14 25.32 0
W 500000 2019 03 15 -32.21 0
w 500000 2019 03 16 100000 0
d 500000 2019 03 17 783.76 0
s 500000 2019 03 18
s 500000 2019 03 18
w 500000 2019 03 23 50.24 0
h 555-55-5555
i 666-66-6666
w 600000 2015 07 15 140.50 6
w 600000 2016 01 10 170.60 6
w 600000 2016 02 15 23.43 12
w 600000 2019 03 16 100 12
h 666-66-6666
i 111-11-1111
c 100000 2019 03 15 100.50
c 100000 2019 03 15 6000
c 100000 2019 03 15 -10.50
s 100000 2019 03 16
c 100000 2019 03 16 10.50
r 100000 2019 03 17
c 100000 2019 04 18 100.32
s 100000 2019 03 20
h 111-11-1111
n 123123 2017 04 15 Vargas Polo 123-12-3123 Checking 
n 456456 2016 05 18 Sample Acct 456-45-6456 CD 
n 789789 2019 07 04 Button Acct 789-78-9789 Saving
i 123-12-3123
d 123123 2017 04 15 250.00 0
d 123123 2017 04 16 250.00 0
w 123123 2017 05 20 345.00 0
b 123123 2017 05 20
h 123-12-3123
I 456-45-6456
d 456456 2016 05 20 1200 6
w 456456 2016 9 13 750 12
b 456456 2017 01 23
d 456456 2017 09 28 1000 24
h 456-45-6456
I 999-99-9999
x 900000 2019 03 21
s 900000 2019 03 21
x 900000 2019 03 21
r 900000 2019 03 21
w 900000 2019 03 22 30.62 0
s 900000 2019 03 22
x 900000 2019 03 22
q
111-11-1111
222-22-2222
333-33-3333
444-44-4444
555-55-5555
666-66-6666
777-77-7777
888-88-8888
000-00-0000
123-12-3123
456-45-6456
789-78-9789